*.pdf    38;2;249;46;73
*.PDF    38;2;249;46;73
*.ps     38;2;249;46;73
*.epub   38;2;249;46;73
*.mobi   38;2;249;46;73
*.ods    92
*.xls    92
*.XLS    92
*.xlsx   92
*.XLSX   92
*.odt    94
*.doc    94
*.DOC    94
*.docx   94
*.DOCX   94
*.odp    38;2;249;62;0
*.ppt    38;2;249;62;0
*.PPT    38;2;249;62;0
*.pptx   38;2;249;62;0
*.PPTX   38;2;249;62;0
*.iso    38;5;221
*.img    38;5;221
*.py     38;5;220
*.lua    38;2
*.js     38;5;226
*.htm    38;5;202
*.html   38;5;202
*.shtml  38;5;202
*.xhtml  38;5;202
*.css    38;5;39
*.go     38;5;39
*.php    38;5;75
*.tex    38;5;36
*.c      38;2;121;168;244
*.cpp    38;2;141;116;244
*.cs     38;2;203;121;244
*.nim    38;5;220
*.nims   38;5;220
*.r      38;5;39
*.R      38;5;39
*.rs     38;2;225;105;0
*.pl     38;2;0;115;255
*.raku   38;2;225;0;221
*.m      38;2;225;43;7
*.java   38;2;225;136;0
*.scala  38;5;196
*.rb     38;5;196
*.vim    32
*.sql    38;5;249
*.sqlite 38;5;249
*.db     38;5;249
*.odb    38;5;249
*.apk    38;5;82
*.apk    38;5;82
*.jl     38;5;147
*.hs     38;5;133
*.lhs    38;5;133
*.blend  38;5;208
